Correlation in training set
Pearson   : 1.000
Spearman  : 1.000
Slope     : 0.999982
Intercept : 0.000017

Correlation in validation set
Pearson   : 0.678
Spearman  : 0.688
Slope     : 0.485313
Intercept : 0.539509

